image_00000 230 265 247 293
image_00001 231 266 246 294
image_00002 231 264 246 294
image_00003 232 265 248 297
image_00004 232 263 249 296
image_00005 232 262 248 296
image_00006 231 262 248 294
image_00007 231 262 248 297
image_00008 229 262 247 298
image_00009 228 259 249 297
image_00010 229 259 249 298
image_00011 229 261 248 299
image_00012 228 259 248 300
image_00013 228 260 248 300
image_00014 228 259 249 300
image_00015 230 255 249 300
image_00016 228 255 248 300
image_00017 227 242 257 302
image_00018 226 240 261 302
image_00019 226 242 259 303
image_00020 226 243 260 304
image_00021 227 244 260 303
image_00022 227 243 261 303
image_00023 228 245 260 304
image_00024 226 243 261 303
image_00025 227 244 259 304
image_00026 227 246 259 305
image_00027 225 246 263 303
image_00028 225 249 260 304
image_00029 225 247 261 304
image_00030 238 244 261 304
image_00031 239 243 261 305
image_00032 242 246 261 304
image_00033 241 245 260 307
image_00034 242 247 261 305
image_00035 242 243 261 306
image_00036 242 245 260 306
image_00037 243 246 261 307
image_00038 242 245 259 307
image_00039 243 248 260 305
image_00040 241 247 260 306
image_00041 244 244 264 288
image_00042 244 246 268 282
image_00043 246 240 265 277
image_00044 246 237 264 271
image_00045 248 237 263 274
image_00046 248 240 263 272
image_00047 249 239 263 274
image_00048 251 237 262 269
image_00049 253 235 266 269
image_00050 254 238 266 266
image_00051 257 240 266 265
image_00052 255 243 266 265
image_00053 255 243 266 264
image_00054 256 242 266 263
image_00055 256 243 266 263
image_00056 256 242 265 262
image_00057 257 243 264 260
image_00058 257 240 264 261
image_00059 257 241 264 259
image_00060 257 242 263 258
image_00061 256 241 263 258
image_00062 256 243 263 258
image_00063 256 242 263 258
